0.0 20 0.01 0.0 13.054741356271782 0.8783344650886157
0.0 50 0.01 0.0 12.88782188437925 0.3668904486990956
0.0 100 0.01 0.0 12.183515874691118 0.2443244761828089
0.0 150 0.01 0.0 12.078135160404235 0.2908400854138791
0.0 200 0.01 0.0 11.679021605231506 0.36292277928686456
0.0 20 0.001 0.0 12.337704047485238 0.13654829629052426
0.0 50 0.001 0.0 12.464158003840097 0.46601682605740324
0.0 100 0.001 0.0 12.649969546289531 0.2825797723507538
0.0 150 0.001 0.0 12.584586691074227 0.02333828099069806
0.0 200 0.001 0.0 12.615144743377334 0.12099076756650114
0.0 20 0.0001 0.0 11.369796857887998 0.4674133802954237
0.0 50 0.0001 0.0 11.312346208106502 0.5195893487121382
0.0 100 0.0001 0.0 11.576564610228381 0.30713487257602046
0.0 150 0.0001 0.0 11.417076564522363 0.15494662377000318
0.0 200 0.0001 0.0 11.4217588244289 0.058775208590877634
0.0 20 0.00001 0.0 9.460017798146078 0.6113815609349735
0.0 50 0.00001 0.0 10.315865368912847 0.3154070725628503
0.0 100 0.00001 0.0 10.225217722759568 0.403875592043543
0.0 150 0.00001 0.0 10.164262428176505 0.4086918087533844
0.0 200 0.00001 0.0 10.158952846092353 0.03301743269628412
0.0 20 0.005 0.0 13.267804325540963 0.8971026939889183
0.0 50 0.005 0.0 12.93630707476548 0.7145222920346059
0.0 100 0.005 0.0 12.813973541538465 0.8248443798545225
0.0 150 0.005 0.0 11.992232401976233 0.07319660955518871
0.0 200 0.005 0.0 12.424885444502815 0.5452042620027447
0.0 20 0.0005 0.0 11.998611297104441 1.1987571269365942
0.0 50 0.0005 0.0 11.231953994071295 0.15171033982664278
0.0 100 0.0005 0.0 12.093051020569106 0.22598337398826554
0.0 150 0.0005 0.0 12.140942713501438 0.29645228961043807
0.0 200 0.0005 0.0 12.398934694296436 0.0036193978562264056
0.0 20 0.00005 0.0 11.365109182497811 0.4771696601081004
0.0 50 0.00005 0.0 11.19905039446529 0.654823373881147
0.0 100 0.00005 0.0 10.585962816522828 0.12573539116853172
0.0 150 0.00005 0.0 11.46664455270169 0.32449005245239354
0.0 200 0.00005 0.0 11.10596106628518 0.2451195188530449
1.0 20 0.005 0.028788835527608466 14.78931287166026 3.0295232146987368
1.0 20 0.0005 0.028788835527608466 13.223693883094901 2.829308101076905
1.0 20 5e-05 0.028788835527608466 8.175012346271187 2.5236965703670524
1.0 20 0.01 0.028788835527608466 13.396677974592867 5.589089795716776
1.0 20 0.001 0.028788835527608466 11.672062110054021 1.7430870855045175
1.0 20 0.0001 0.028788835527608466 12.512178371735343 2.98839168681834
1.0 20 1e-05 0.028788835527608466 8.757464221765442 3.979145427308988
1.0 50 0.005 0.011900198930826684 13.161303271826563 0.6798576717401073
1.0 50 0.0005 0.011900198930826684 13.275150960937204 1.4750700266271775
1.0 50 5e-05 0.011900198930826684 11.908934858828339 0.6838584657528259
1.0 50 0.01 0.011900198930826684 13.867950626891869 2.6703597973465025
1.0 50 0.001 0.011900198930826684 13.034292902840805 1.6708046597406672
1.0 50 0.0001 0.011900198930826684 11.642140862054267 0.6031735136926565
1.0 50 1e-05 0.011900198930826684 11.009904813988262 1.5551358817851892
1.0 100 0.005 0.006040583853881036 13.584947937426817 1.994043186231036
1.0 100 0.0005 0.006040583853881036 11.97573133859281 1.1729092016896026
1.0 100 5e-05 0.006040583853881036 11.239254204683077 1.085468197415486
1.0 100 0.01 0.006040583853881036 13.570989054938229 0.3021702279920098
1.0 100 0.001 0.006040583853881036 12.637068250678645 1.3980930432546654
1.0 100 0.0001 0.006040583853881036 11.94663740794495 1.0769460244204205
1.0 100 1e-05 0.006040583853881036 10.225931077526674 0.7660698424827312
1.0 150 0.005 0.004043614162543825 13.54891801870867 1.0638098044955626
1.0 150 0.0005 0.004043614162543825 12.063475208907064 0.6274222611645216
1.0 150 5e-05 0.004043614162543825 11.753870276753858 0.30375751094025005
1.0 150 0.01 0.004043614162543825 13.03484936175598 1.1192058850591369
1.0 150 0.001 0.004043614162543825 12.951205941322856 0.5847103049955101
1.0 150 0.0001 0.004043614162543825 10.736629093071796 1.297941004094734
1.0 150 1e-05 0.004043614162543825 10.723887641299669 0.11132329022745359
1.0 200 0.005 0.003038637630424809 13.619762773060154 0.6643193296917986
1.0 200 0.0005 0.003038637630424809 12.555175528160703 0.8316330188210452
1.0 200 5e-05 0.003038637630424809 10.96643334982579 0.32457937078284677
1.0 200 0.01 0.003038637630424809 13.451186443872691 1.1232270243749878
1.0 200 0.001 0.003038637630424809 12.405040225967994 0.6506647351070372
1.0 200 0.0001 0.003038637630424809 11.46322599064281 0.31601572125650806
1.0 200 1e-05 0.003038637630424809 10.109113086800233 1.1203823361947602
2.0 20 0.005 0.06176009044698903 14.551741312111531 0.9563275921909279
2.0 20 0.0005 0.06176009044698903 13.125338766411916 2.047959542702809
2.0 20 5e-05 0.06176009044698903 12.029205632323121 0.9590855534955078
2.0 20 0.01 0.06176009044698903 13.762074583785932 1.1867580193602216
2.0 20 0.001 0.06176009044698903 15.2928852180068 0.46604705267264107
2.0 20 0.0001 0.06176009044698903 12.587808354821576 0.7861621228079725
2.0 20 1e-05 0.06176009044698903 10.823077033418047 1.8832839106085462
2.0 50 0.005 0.026308592577239037 14.41986541177416 0.3763328599548894
2.0 50 0.0005 0.026308592577239037 13.488632065788218 0.6235403170409339
2.0 50 5e-05 0.026308592577239037 11.882130289397294 1.1842570819524008
2.0 50 0.01 0.026308592577239037 14.580645690624271 0.45800906239439304
2.0 50 0.001 0.026308592577239037 13.784804299976273 0.5025526287442975
2.0 50 0.0001 0.026308592577239037 12.284077479720922 0.8008843169640646
2.0 50 1e-05 0.026308592577239037 10.895210632651965 0.40142093511109983
2.0 100 0.005 0.01341283077556844 13.71642241977217 0.9749201062559864
2.0 100 0.0005 0.01341283077556844 13.014846744350509 0.4143083051364371
2.0 100 5e-05 0.01341283077556844 11.29682203738929 0.45996750559005173
2.0 100 0.01 0.01341283077556844 13.186016687324383 0.053169018114140244
2.0 100 0.001 0.01341283077556844 12.820218445629898 0.2699439448158179
2.0 100 0.0001 0.01341283077556844 11.569062367058782 0.03627323956355604
2.0 100 1e-05 0.01341283077556844 10.60377112176584 0.840640153240948
2.0 150 0.005 0.009011061352509064 13.112841327199519 0.24289823648715114
2.0 150 0.0005 0.009011061352509064 12.330365098514632 0.6236496420539959
2.0 150 5e-05 0.009011061352509064 11.160559357054801 0.5235259865628396
2.0 150 0.01 0.009011061352509064 13.036434704086036 0.12038695233397738
2.0 150 0.001 0.009011061352509064 12.580447592590682 0.8420897704063595
2.0 150 0.0001 0.009011061352509064 11.717158517076248 0.32611022153142144
2.0 150 1e-05 0.009011061352509064 10.523761093308142 0.3792940601413793
2.0 200 0.005 0.006777895656409723 12.75370194922876 0.24074631505399713
2.0 200 0.0005 0.006777895656409723 12.470226627044163 0.21074232943153062
2.0 200 5e-05 0.006777895656409723 11.441254092542513 0.23788677937833144
2.0 200 0.01 0.006777895656409723 12.491509356716525 0.47402247102607337
2.0 200 0.001 0.006777895656409723 12.910830279633794 0.19627943854983507
2.0 200 0.0001 0.006777895656409723 11.175337585394603 0.32589267593576526
2.0 200 1e-05 0.006777895656409723 10.148542919611566 0.32954680750310195
3.0 20 0.005 0.09030601878674994 16.413922318857626 0.356770330547353
3.0 20 0.0005 0.09030601878674994 15.854638334720974 1.5854038235681638
3.0 20 5e-05 0.09030601878674994 13.799754277443448 1.789271143742671
3.0 20 0.01 0.09030601878674994 16.265071305547465 0.53043939683162
3.0 20 0.001 0.09030601878674994 15.116999964558753 0.42357974341105425
3.0 20 0.0001 0.09030601878674994 14.035721244786366 0.33629557918821457
3.0 20 1e-05 0.09030601878674994 13.399429259665219 0.7798589033217049
3.0 50 0.005 0.03907319820844065 14.206420494995067 0.31253645599645213
3.0 50 0.0005 0.03907319820844065 13.034280485368727 1.1572488877818472
3.0 50 5e-05 0.03907319820844065 11.214160396316695 0.4523623464732367
3.0 50 0.01 0.03907319820844065 14.23638737438811 0.439859829560477
3.0 50 0.001 0.03907319820844065 13.252274755367884 0.3195242778705603
3.0 50 0.0001 0.03907319820844065 11.74923900503299 0.21738138602273094
3.0 50 1e-05 0.03907319820844065 10.43049325118883 0.3089522771206305
3.0 100 0.005 0.0200761382725141 13.634787109642943 0.3477628803610658
3.0 100 0.0005 0.0200761382725141 12.929872270841857 0.30389970750061424
3.0 100 5e-05 0.0200761382725141 11.61300466596098 0.49605579456538657
3.0 100 0.01 0.0200761382725141 13.338385686514973 0.277969412016363
3.0 100 0.001 0.0200761382725141 13.058559319510636 0.06286197898843633
3.0 100 0.0001 0.0200761382725141 11.838940901784051 0.21349162159592822
3.0 100 1e-05 0.0200761382725141 10.449645521109318 0.5140907246578138
3.0 150 0.005 0.01350835017775754 13.009925357872797 0.3686273420278842
3.0 150 0.0005 0.01350835017775754 12.71352187102754 0.2720302655972726
3.0 150 5e-05 0.01350835017775754 11.530743944507778 0.18778432998802488
3.0 150 0.01 0.01350835017775754 12.757307340360754 0.4214530242245388
3.0 150 0.001 0.01350835017775754 12.760030239115459 0.1653799577638834
3.0 150 0.0001 0.01350835017775754 11.614642560466075 0.45421831224498244
3.0 150 1e-05 0.01350835017775754 10.388377995478612 0.5309713860942918
3.0 200 0.005 0.010176135943906523 12.733673014499056 0.4048695103246843
3.0 200 0.0005 0.010176135943906523 12.411133469319049 0.14280289035969695
3.0 200 5e-05 0.010176135943906523 11.21120968047193 0.1833343478949373
3.0 200 0.01 0.010176135943906523 12.788479452444099 0.32938099481692523
3.0 200 0.001 0.010176135943906523 12.581445745889658 0.3729655113713638
3.0 200 0.0001 0.010176135943906523 11.55895382080441 0.15232379999774923
3.0 200 1e-05 0.010176135943906523 9.981103695691042 0.47884162746106235
5.0 20 0.005 0.14087329617466 17.722100132213814 0.5257223317875966
5.0 20 0.0005 0.14087329617466 16.87904567429061 0.5274941396234126
5.0 20 5e-05 0.14087329617466 14.63715450593142 0.27745576878422806
5.0 20 0.01 0.14087329617466 15.681373412014446 0.7356554591705863
5.0 20 0.001 0.14087329617466 16.68182027079251 0.7143228034832477
5.0 20 0.0001 0.14087329617466 15.537856494522437 0.24627974521181917
5.0 20 1e-05 0.14087329617466 13.658474554038635 1.1722573178968416
5.0 50 0.005 0.06289837041419856 14.336665172611495 0.6827141358073952
5.0 50 0.0005 0.06289837041419856 14.097839026694581 0.17471166434299776
5.0 50 5e-05 0.06289837041419856 12.627123310249383 0.21209224052472525
5.0 50 0.01 0.06289837041419856 13.300916630811827 0.45768606556905356
5.0 50 0.001 0.06289837041419856 14.438253911023189 0.40126495573979803
5.0 50 0.0001 0.06289837041419856 12.768250834827908 0.15335327713417538
5.0 50 1e-05 0.06289837041419856 11.474950103916532 0.05252051073979371
5.0 100 0.005 0.032734447116432454 13.935774277649356 0.4329108442822193
5.0 100 0.0005 0.032734447116432454 13.226628450076207 0.405763202258166
5.0 100 5e-05 0.032734447116432454 12.175926580458535 0.12685344599425047
5.0 100 0.01 0.032734447116432454 13.099636271731043 0.21841937591948388
5.0 100 0.001 0.032734447116432454 13.343948567938577 0.33813919053385355
5.0 100 0.0001 0.032734447116432454 12.387848843786776 0.33620626628947853
5.0 100 1e-05 0.032734447116432454 11.058409700089925 0.22700655128721173
5.0 150 0.005 0.02211464217679163 12.778783085958914 0.2712286987688933
5.0 150 0.0005 0.02211464217679163 12.69819060541073 0.12085808844949537
5.0 150 5e-05 0.02211464217679163 11.759221417433489 0.09237568633448728
5.0 150 0.01 0.02211464217679163 12.428090651525595 0.20341750190038355
5.0 150 0.001 0.02211464217679163 13.089160087895428 0.04339378507797105
5.0 150 0.0001 0.02211464217679163 12.002874759468947 0.09915372553369577
5.0 150 1e-05 0.02211464217679163 10.416624288534315 0.046563578843865465
5.0 200 0.005 0.01670198404470863 13.034440392943603 0.15047922759947738
5.0 200 0.0005 0.01670198404470863 12.475745831235562 0.032174468167651835
5.0 200 5e-05 0.01670198404470863 11.353454409679072 0.1099172644166267
5.0 200 0.01 0.01670198404470863 11.727295704862428 0.219933218400538
5.0 200 0.001 0.01670198404470863 12.826889039936503 0.1835102670008489
5.0 200 0.0001 0.01670198404470863 11.774450932489993 0.0326533327636032
5.0 200 1e-05 0.01670198404470863 10.271150374491159 0.2943937414430957
8.0 20 0.005 0.20788779353718304 19.115329457381183 0.15623109017910988
8.0 20 0.0005 0.20788779353718304 20.238249102235653 0.4745304901413798
8.0 20 5e-05 0.20788779353718304 18.411189852385412 0.18470350784334524
8.0 20 0.01 0.20788779353718304 16.754703654336783 1.0427190380898541
8.0 20 0.001 0.20788779353718304 20.181523377845682 0.8287409422924588
8.0 20 0.0001 0.20788779353718304 18.711808143107287 0.362338397215522
8.0 20 1e-05 0.20788779353718304 16.81201508171506 0.5986437984897534
8.0 50 0.005 0.0969660595559438 15.474577755476737 0.17418633941488276
8.0 50 0.0005 0.0969660595559438 14.961129949906933 0.14126027104222083
8.0 50 5e-05 0.0969660595559438 13.651867827525896 0.17426010655229163
8.0 50 0.01 0.0969660595559438 14.455292936132834 0.7800174906146876
8.0 50 0.001 0.0969660595559438 15.442645893463785 0.48972573868177943
8.0 50 0.0001 0.0969660595559438 14.53006466470518 0.20169954757811714
8.0 50 1e-05 0.0969660595559438 12.766230447202922 0.24859764630251022
8.0 100 0.005 0.05134813945055872 12.818230336036342 0.3337246218738797
8.0 100 0.0005 0.05134813945055872 13.813512132960703 0.16385325037545156
8.0 100 5e-05 0.05134813945055872 12.559155505954557 0.11901246415668863
8.0 100 0.01 0.05134813945055872 9.999641649739347 0.42812896441872184
8.0 100 0.001 0.05134813945055872 14.134391783812312 0.21229974053368658
8.0 100 0.0001 0.05134813945055872 12.969667038989826 0.15907245207422535
8.0 100 1e-05 0.05134813945055872 11.444400850701966 0.25145570375345505
8.0 150 0.005 0.03491347260332646 13.351974333029593 0.3364207196078308
8.0 150 0.0005 0.03491347260332646 13.297049198827994 0.26458589526651344
8.0 150 5e-05 0.03491347260332646 11.932121377493836 0.027859352001144155
8.0 150 0.01 0.03491347260332646 11.872091009736979 0.3873855326647836
8.0 150 0.001 0.03491347260332646 13.554206258399 0.15028148857482765
8.0 150 0.0001 0.03491347260332646 12.36495930396457 0.19923601410268085
8.0 150 1e-05 0.03491347260332646 10.956107208089401 0.06491754451435224
8.0 200 0.005 0.0264506873431341 12.528771044273393 0.17056352522374252
8.0 200 0.0005 0.0264506873431341 12.941672995111988 0.21920668020904088
8.0 200 5e-05 0.0264506873431341 11.803258886132975 0.10018915447300535
8.0 200 0.01 0.0264506873431341 12.022986097993707 0.16214136683210525
8.0 200 0.001 0.0264506873431341 13.259193869260537 0.06134904291123358
8.0 200 0.0001 0.0264506873431341 12.070345301610828 0.06916362534333204
8.0 200 1e-05 0.0264506873431341 10.615862394432934 0.047617840335468696
