0.0 20 0.01 0.0 13.054741356271782 0.8783344650886157
0.0 50 0.01 0.0 12.88782188437925 0.3668904486990956
0.0 100 0.01 0.0 12.183515874691118 0.2443244761828089
0.0 150 0.01 0.0 12.078135160404235 0.2908400854138791
0.0 200 0.01 0.0 11.679021605231506 0.36292277928686456
0.0 20 0.001 0.0 12.337704047485238 0.13654829629052426
0.0 50 0.001 0.0 12.464158003840097 0.46601682605740324
0.0 100 0.001 0.0 12.649969546289531 0.2825797723507538
0.0 150 0.001 0.0 12.584586691074227 0.02333828099069806
0.0 200 0.001 0.0 12.615144743377334 0.12099076756650114
0.0 20 0.0001 0.0 11.369796857887998 0.4674133802954237
0.0 50 0.0001 0.0 11.312346208106502 0.5195893487121382
0.0 100 0.0001 0.0 11.576564610228381 0.30713487257602046
0.0 150 0.0001 0.0 11.417076564522363 0.15494662377000318
0.0 200 0.0001 0.0 11.4217588244289 0.058775208590877634
0.0 20 0.00001 0.0 9.460017798146078 0.6113815609349735
0.0 50 0.00001 0.0 10.315865368912847 0.3154070725628503
0.0 100 0.00001 0.0 10.225217722759568 0.403875592043543
0.0 150 0.00001 0.0 10.164262428176505 0.4086918087533844
0.0 200 0.00001 0.0 10.158952846092353 0.03301743269628412
0.0 20 0.005 0.0 13.267804325540963 0.8971026939889183
0.0 50 0.005 0.0 12.93630707476548 0.7145222920346059
0.0 100 0.005 0.0 12.813973541538465 0.8248443798545225
0.0 150 0.005 0.0 11.992232401976233 0.07319660955518871
0.0 200 0.005 0.0 12.424885444502815 0.5452042620027447
0.0 20 0.0005 0.0 11.998611297104441 1.1987571269365942
0.0 50 0.0005 0.0 11.231953994071295 0.15171033982664278
0.0 100 0.0005 0.0 12.093051020569106 0.22598337398826554
0.0 150 0.0005 0.0 12.140942713501438 0.29645228961043807
0.0 200 0.0005 0.0 12.398934694296436 0.0036193978562264056
0.0 20 0.00005 0.0 11.365109182497811 0.4771696601081004
0.0 50 0.00005 0.0 11.19905039446529 0.654823373881147
0.0 100 0.00005 0.0 10.585962816522828 0.12573539116853172
0.0 150 0.00005 0.0 11.46664455270169 0.32449005245239354
0.0 200 0.00005 0.0 11.10596106628518 0.2451195188530449
1.0 20 0.01 0.028705325484156857 15.553622882644566 3.267115375332585
1.0 50 0.01 0.011901278101287079 13.911203835997023 2.4395743863761306
1.0 100 0.01 0.006041595587620641 14.235662082569506 0.550231521462435
1.0 150 0.01 0.004043486628286227 14.254193486970427 1.5424556461032282
1.0 200 0.01 0.00304040898279572 14.46858336572457 1.388042611148982
1.0 20 0.001 0.028705325484156857 13.479731865544366 2.5250414654401134
1.0 50 0.001 0.011901278101287079 13.23065681331036 2.3475890779411284
1.0 100 0.001 0.006041595587620641 12.714976242744276 1.3567870279013197
1.0 150 0.001 0.004043486628286227 11.505356254317553 0.6183614033495727
1.0 200 0.001 0.00304040898279572 12.160985943566823 0.14165763323777036
1.0 20 0.0001 0.028705325484156857 11.870872710710117 2.7245732475404525
1.0 50 0.0001 0.011901278101287079 11.729803925070607 0.8226487978475251
1.0 100 0.0001 0.006041595587620641 12.525965315125882 1.0287489171112922
1.0 150 0.0001 0.004043486628286227 10.773430808156798 0.8681967543004028
1.0 200 0.0001 0.00304040898279572 10.814044035020304 0.11038563695499962
1.0 20 0.00001 0.028705325484156857 11.176078945509417 1.0729477573845705
1.0 50 0.00001 0.011901278101287079 10.343608613533526 1.2542616221289153
1.0 100 0.00001 0.006041595587620641 10.528647428349439 0.7045378308158484
1.0 150 0.00001 0.004043486628286227 9.361888247477388 0.32631399796705535
1.0 200 0.00001 0.00304040898279572 10.460773059859655 0.5901196018763771
2.0 20 0.01 0.061824351604481916 13.860253233296078 1.1499347808425353
2.0 50 0.01 0.02626385294424502 14.579879911889753 0.9591485982418432
2.0 100 0.01 0.013414192709289063 14.033468149449012 1.8119791948568835
2.0 150 0.01 0.00900644940673856 13.033469054788235 0.1534326791795501
2.0 200 0.01 0.006778414553366739 12.508470092207505 0.47507939950057954
2.0 20 0.001 0.061824351604481916 15.568723485137328 0.42054471145129385
2.0 50 0.001 0.02626385294424502 13.511072334430537 0.885414435563284
2.0 100 0.001 0.013414192709289063 12.48519475739912 0.3224778421091635
2.0 150 0.001 0.00900644940673856 13.003890480671744 0.4704330992080957
2.0 200 0.001 0.006778414553366739 12.895720014969799 0.40002368128790383
2.0 20 0.0001 0.061824351604481916 13.764217614622607 0.8527579325501213
2.0 50 0.0001 0.02626385294424502 12.320859615206793 0.44398182867782165
2.0 100 0.0001 0.013414192709289063 11.569898314616722 0.758235034532599
2.0 150 0.0001 0.00900644940673856 11.628412934091875 0.4180384643760929
2.0 200 0.0001 0.006778414553366739 11.281561926008324 0.3981526499802368
2.0 20 0.00001 0.061824351604481916 10.792936440227654 1.5248481621290775
2.0 50 0.00001 0.02626385294424502 10.537957615529567 0.3180470621633696
2.0 100 0.00001 0.013414192709289063 9.901602826133917 0.5403629524786051
2.0 150 0.00001 0.00900644940673856 10.284245699995127 0.5611088935613965
2.0 200 0.00001 0.006778414553366739 10.095853968844933 0.510688238558432
3.0 20 0.01 0.09028619459418731 16.579167514754328 0.44326077810625597
3.0 50 0.01 0.03907243353569907 14.217690812701386 0.46043002187497156
3.0 100 0.01 0.020079393314190723 13.349520861322574 0.29487529503114246
3.0 150 0.01 0.013509585816479971 13.169136841438709 0.24924132012542716
3.0 200 0.01 0.010178965431021429 12.60351912329831 0.5953528590392039
3.0 20 0.001 0.09028619459418731 14.91086506362574 0.08355622300533092
3.0 50 0.001 0.03907243353569907 13.043971449389735 0.48999444833231753
3.0 100 0.001 0.020079393314190723 13.423791612339047 0.16294772185109221
3.0 150 0.001 0.013509585816479971 13.321939099098977 0.29349337940200443
3.0 200 0.001 0.010178965431021429 12.977860597927448 0.21215004107868102
3.0 20 0.0001 0.09028619459418731 13.55752742542311 1.38887413751009
3.0 50 0.0001 0.03907243353569907 11.740638376105153 0.41879625015263366
3.0 100 0.0001 0.020079393314190723 12.51896090220673 0.5997750275415844
3.0 150 0.0001 0.013509585816479971 11.827475988129104 0.24481223132474386
3.0 200 0.0001 0.010178965431021429 11.78126004674887 0.4340442215706921
3.0 20 0.00001 0.09028619459418731 13.63449022001364 1.1031514917094731
3.0 50 0.00001 0.03907243353569907 10.263322860798647 0.6883056001050565
3.0 100 0.00001 0.020079393314190723 10.543685995401985 0.2602404586639734
3.0 150 0.00001 0.013509585816479971 10.598143711987548 0.34241932168674183
3.0 200 0.00001 0.010178965431021429 10.353791512830972 0.25614373567278786
5.0 20 0.01 0.14085758807504267 15.593992642437948 0.7881855437775231
5.0 50 0.01 0.0628993251779142 13.32195946019136 0.4605832312033756
5.0 100 0.01 0.032724696575142036 13.503146791548147 0.4714406257525926
5.0 150 0.01 0.02211334331687934 12.427733908644742 0.1941893130613942
5.0 200 0.01 0.016699112474672654 11.74344947676991 0.214884338429278
5.0 20 0.001 0.14085758807504267 16.850393687996675 0.8780529812838807
5.0 50 0.001 0.0628993251779142 14.416357689049427 0.6316371754390705
5.0 100 0.001 0.032724696575142036 13.743865963759445 0.20324296851788112
5.0 150 0.001 0.02211334331687934 13.064935195787044 0.22349849259128055
5.0 200 0.001 0.016699112474672654 12.847594197060177 0.25765688654154506
5.0 20 0.0001 0.14085758807504267 16.156432488282764 0.7090474920131287
5.0 50 0.0001 0.0628993251779142 12.84293347801695 0.6170188135261521
5.0 100 0.0001 0.032724696575142036 12.602408257845347 0.24096546152460674
5.0 150 0.0001 0.02211334331687934 12.032751309163503 0.11754579125215354
5.0 200 0.0001 0.016699112474672654 11.7166057030477 0.20098408845076454
5.0 20 0.00001 0.14085758807504267 14.52905647538831 0.24490123959114218
5.0 50 0.00001 0.0628993251779142 11.297853095221734 0.8177196346893804
5.0 100 0.00001 0.032724696575142036 11.073102460908274 0.2066514123758129
5.0 150 0.00001 0.02211334331687934 10.556199591994043 0.11884461047000748
5.0 200 0.00001 0.016699112474672654 10.34974224136081 0.005379833520897046
8.0 20 0.01 0.20787728612798206 16.30495380103528 1.0237235990968703
8.0 50 0.01 0.09697613242105665 15.577392302961023 0.356606345909066
8.0 100 0.01 0.051343164960599666 10.011353027876469 0.6025153399219382
8.0 150 0.01 0.034914353137763705 11.87250681971742 0.3327668909054652
8.0 200 0.01 0.026449829744110667 12.090189194720118 0.16072071030993434
8.0 20 0.001 0.20787728612798206 19.580631297129553 0.45681467816572446
8.0 50 0.001 0.09697613242105665 15.29021820546985 0.16588571251537812
8.0 100 0.001 0.051343164960599666 14.102240082445887 0.07479694695578229
8.0 150 0.001 0.034914353137763705 13.501604000488186 0.12102639332937341
8.0 200 0.001 0.026449829744110667 13.243759474294608 0.06396983116366765
8.0 20 0.0001 0.20787728612798206 18.050895838043672 0.2882001159267935
8.0 50 0.0001 0.09697613242105665 13.905001560063525 0.3448324437452078
8.0 100 0.0001 0.051343164960599666 12.768904025536488 0.0936392649722595
8.0 150 0.0001 0.034914353137763705 12.375080087629343 0.09202834039381229
8.0 200 0.0001 0.026449829744110667 12.119496334993698 0.08973061987714788
8.0 20 0.00001 0.20787728612798206 16.463962315446068 0.516337419623997
8.0 50 0.00001 0.09697613242105665 12.405558311657193 0.6449888681631137
8.0 100 0.00001 0.051343164960599666 11.313517157512287 0.17368780342904666
8.0 150 0.00001 0.034914353137763705 10.71341224241781 0.13289749054702732
8.0 200 0.00001 0.026449829744110667 10.647108969784446 0.12216904247448329

1.0 20 0.005 0.028788835527608466 14.78931287166026 3.0295232146987368
1.0 20 0.0005 0.028788835527608466 13.223693883094901 2.829308101076905
1.0 20 5e-05 0.028788835527608466 8.175012346271187 2.5236965703670524
1.0 50 0.005 0.011900198930826684 13.161303271826563 0.6798576717401073
1.0 50 0.0005 0.011900198930826684 13.275150960937204 1.4750700266271775
1.0 50 5e-05 0.011900198930826684 11.908934858828339 0.6838584657528259
1.0 100 0.005 0.006040583853881036 13.584947937426817 1.994043186231036
1.0 100 0.0005 0.006040583853881036 11.97573133859281 1.1729092016896026
1.0 100 5e-05 0.006040583853881036 11.239254204683077 1.085468197415486
1.0 150 0.005 0.004043614162543825 13.54891801870867 1.0638098044955626
1.0 150 0.0005 0.004043614162543825 12.063475208907064 0.6274222611645216
1.0 150 5e-05 0.004043614162543825 11.753870276753858 0.30375751094025005
1.0 200 0.005 0.003038637630424809 13.619762773060154 0.6643193296917986
1.0 200 0.0005 0.003038637630424809 12.555175528160703 0.8316330188210452
1.0 200 5e-05 0.003038637630424809 10.96643334982579 0.32457937078284677
2.0 20 0.005 0.06176009044698903 14.551741312111531 0.9563275921909279
2.0 20 0.0005 0.06176009044698903 13.125338766411916 2.047959542702809
2.0 20 5e-05 0.06176009044698903 12.029205632323121 0.9590855534955078
2.0 50 0.005 0.026308592577239037 14.41986541177416 0.3763328599548894
2.0 50 0.0005 0.026308592577239037 13.488632065788218 0.6235403170409339
2.0 50 5e-05 0.026308592577239037 11.882130289397294 1.1842570819524008
2.0 100 0.005 0.01341283077556844 13.71642241977217 0.9749201062559864
2.0 100 0.0005 0.01341283077556844 13.014846744350509 0.4143083051364371
2.0 100 5e-05 0.01341283077556844 11.29682203738929 0.45996750559005173
2.0 150 0.005 0.009011061352509064 13.112841327199519 0.24289823648715114
2.0 150 0.0005 0.009011061352509064 12.330365098514632 0.6236496420539959
2.0 150 5e-05 0.009011061352509064 11.160559357054801 0.5235259865628396
2.0 200 0.005 0.006777895656409723 12.75370194922876 0.24074631505399713
2.0 200 0.0005 0.006777895656409723 12.470226627044163 0.21074232943153062
2.0 200 5e-05 0.006777895656409723 11.441254092542513 0.23788677937833144
3.0 20 0.005 0.09030601878674994 16.413922318857626 0.356770330547353
3.0 20 0.0005 0.09030601878674994 15.854638334720974 1.5854038235681638
3.0 20 5e-05 0.09030601878674994 13.799754277443448 1.789271143742671
3.0 50 0.005 0.03907319820844065 14.206420494995067 0.31253645599645213
3.0 50 0.0005 0.03907319820844065 13.034280485368727 1.1572488877818472
3.0 50 5e-05 0.03907319820844065 11.214160396316695 0.4523623464732367
3.0 100 0.005 0.0200761382725141 13.634787109642943 0.3477628803610658
3.0 100 0.0005 0.0200761382725141 12.929872270841857 0.30389970750061424
3.0 100 5e-05 0.0200761382725141 11.61300466596098 0.49605579456538657
3.0 150 0.005 0.01350835017775754 13.009925357872797 0.3686273420278842
3.0 150 0.0005 0.01350835017775754 12.71352187102754 0.2720302655972726
3.0 150 5e-05 0.01350835017775754 11.530743944507778 0.18778432998802488
3.0 200 0.005 0.010176135943906523 12.733673014499056 0.4048695103246843
3.0 200 0.0005 0.010176135943906523 12.411133469319049 0.14280289035969695
3.0 200 5e-05 0.010176135943906523 11.21120968047193 0.1833343478949373
5.0 20 0.005 0.14087329617466 17.722100132213814 0.5257223317875966
5.0 20 0.0005 0.14087329617466 16.87904567429061 0.5274941396234126
5.0 20 5e-05 0.14087329617466 14.63715450593142 0.27745576878422806
5.0 50 0.005 0.06289837041419856 14.336665172611495 0.6827141358073952
5.0 50 0.0005 0.06289837041419856 14.097839026694581 0.17471166434299776
5.0 50 5e-05 0.06289837041419856 12.627123310249383 0.21209224052472525
8.0 20 0.005 0.20788779353718304 19.115329457381183 0.15623109017910988
8.0 20 0.0005 0.20788779353718304 20.238249102235653 0.4745304901413798
8.0 20 5e-05 0.20788779353718304 18.411189852385412 0.18470350784334524
8.0 50 0.005 0.0969660595559438 15.474577755476737 0.17418633941488276
8.0 50 0.0005 0.0969660595559438 14.961129949906933 0.14126027104222083
8.0 50 5e-05 0.0969660595559438 13.651867827525896 0.17426010655229163
8.0 100 0.005 0.05134813945055872 12.818230336036342 0.3337246218738797
8.0 100 0.0005 0.05134813945055872 13.813512132960703 0.16385325037545156
8.0 100 5e-05 0.05134813945055872 12.559155505954557 0.11901246415668863
8.0 150 0.005 0.03491347260332646 13.351974333029593 0.3364207196078308
8.0 150 0.0005 0.03491347260332646 13.297049198827994 0.26458589526651344
8.0 150 5e-05 0.03491347260332646 11.932121377493836 0.027859352001144155
8.0 200 0.005 0.0264506873431341 12.528771044273393 0.17056352522374252
8.0 200 0.0005 0.0264506873431341 12.941672995111988 0.21920668020904088
8.0 200 5e-05 0.0264506873431341 11.803258886132975 0.10018915447300535


