1 20 0
1 20 0.96083
1 20 1.6465
1 20 2.2081
1 20 2.6767
1 20 3.0565
1 20 3.3289
1 20 3.5555
1 20 3.8532
1 20 4.0929
1 20 4.3487
1 20 4.5249
1 20 4.7795
1 20 5.0079
1 20 5.2035
1 20 5.3561
1 20 5.4991
1 20 5.6437
1 20 5.7346
1 20 5.8416
1 50 0
1 50 0.96142
1 50 1.646
1 50 2.2107
1 50 2.7194
1 50 3.0971
1 50 3.4107
1 50 3.748
1 50 4.0661
1 50 4.3807
1 50 4.6414
1 50 4.8589
1 50 5.0109
1 50 5.1381
1 50 5.2942
1 50 5.5615
1 50 5.7667
1 50 5.9466
1 50 6.1691
1 50 6.3586
1 50 6.4996
1 50 6.5695
1 50 6.7033
1 50 6.8222
1 50 6.9574
1 50 7.0733
1 50 7.1387
1 50 7.2159
1 50 7.2924
1 50 7.4566
1 50 7.5985
1 50 7.738
1 50 7.862
1 50 8.0521
1 50 8.2426
1 50 8.4151
1 50 8.5699
1 50 8.7251
1 50 8.8336
1 50 8.9194
1 50 9.0199
1 50 9.1377
1 50 9.2684
1 50 9.3956
1 50 9.5267
1 50 9.5943
1 50 9.6959
1 50 9.7732
1 50 9.8671
1 50 9.9722
1 100 0
1 100 0.9614
1 100 1.6494
1 100 2.1998
1 100 2.6232
1 100 2.9946
1 100 3.2806
1 100 3.5685
1 100 3.8488
1 100 4.1312
1 100 4.3284
1 100 4.5069
1 100 4.6278
1 100 4.7676
1 100 4.9965
1 100 5.2272
1 100 5.4162
1 100 5.6148
1 100 5.7552
1 100 5.8722
1 100 6.0574
1 100 6.2085
1 100 6.3408
1 100 6.482
1 100 6.6241
1 100 6.7863
1 100 6.9056
1 100 6.9858
1 100 7.1319
1 100 7.2676
1 100 7.3764
1 100 7.493
1 100 7.5746
1 100 7.6491
1 100 7.7804
1 100 7.9404
1 100 8.1116
1 100 8.2346
1 100 8.3977
1 100 8.5102
1 100 8.584
1 100 8.6434
1 100 8.7133
1 100 8.774
1 100 8.859
1 100 8.9694
1 100 9.1275
1 100 9.3107
1 100 9.4179
1 100 9.4901
1 100 9.5445
1 100 9.6058
1 100 9.6493
1 100 9.7459
1 100 9.8996
1 100 10.065
1 100 10.226
1 100 10.363
1 100 10.497
1 100 10.589
1 100 10.71
1 100 10.769
1 100 10.823
1 100 10.924
1 100 10.986
1 100 11.057
1 100 11.133
1 100 11.202
1 100 11.227
1 100 11.319
1 100 11.404
1 100 11.556
1 100 11.651
1 100 11.753
1 100 11.807
1 100 11.869
1 100 11.902
1 100 11.949
1 100 12.028
1 100 12.128
1 100 12.256
1 100 12.34
1 100 12.454
1 100 12.53
1 100 12.578
1 100 12.606
1 100 12.706
1 100 12.817
1 100 12.92
1 100 13.016
1 100 13.082
1 100 13.175
1 100 13.285
1 100 13.333
1 100 13.409
1 100 13.465
1 100 13.53
1 100 13.585
1 100 13.636
1 100 13.705
1 150 0
1 150 0.9604
1 150 1.6378
1 150 2.1955
1 150 2.5945
1 150 2.9347
1 150 3.2074
1 150 3.4653
1 150 3.7577
1 150 4.0462
1 150 4.342
1 150 4.6161
1 150 4.8434
1 150 5.0877
1 150 5.2607
1 150 5.4077
1 150 5.6123
1 150 5.8391
1 150 5.9866
1 150 6.1189
1 150 6.2495
1 150 6.4113
1 150 6.5267
1 150 6.5885
1 150 6.7608
1 150 6.8635
1 150 7.0002
1 150 7.189
1 150 7.3318
1 150 7.4684
1 150 7.6734
1 150 7.7859
1 150 7.8307
1 150 7.9543
1 150 8.0765
1 150 8.1934
1 150 8.3006
1 150 8.4236
1 150 8.5011
1 150 8.5799
1 150 8.6646
1 150 8.6881
1 150 8.7529
1 150 8.833
1 150 8.8567
1 150 8.8878
1 150 8.9097
1 150 9.0041
1 150 9.1455
1 150 9.2099
1 150 9.3068
1 150 9.3375
1 150 9.4056
1 150 9.4805
1 150 9.5533
1 150 9.6164
1 150 9.7434
1 150 9.8511
1 150 9.9123
1 150 9.9604
1 150 10.059
1 150 10.131
1 150 10.255
1 150 10.401
1 150 10.565
1 150 10.599
1 150 10.594
1 150 10.669
1 150 10.709
1 150 10.814
1 150 10.948
1 150 11.002
1 150 11.082
1 150 11.112
1 150 11.162
1 150 11.221
1 150 11.326
1 150 11.441
1 150 11.581
1 150 11.729
1 150 11.828
1 150 11.877
1 150 11.959
1 150 12.067
1 150 12.196
1 150 12.239
1 150 12.276
1 150 12.321
1 150 12.361
1 150 12.461
1 150 12.634
1 150 12.764
1 150 12.841
1 150 12.906
1 150 12.943
1 150 12.962
1 150 13.008
1 150 13.09
1 150 13.173
1 150 13.242
1 150 13.302
1 150 13.353
1 150 13.376
1 150 13.424
1 150 13.444
1 150 13.467
1 150 13.465
1 150 13.542
1 150 13.633
1 150 13.707
1 150 13.739
1 150 13.819
1 150 13.858
1 150 13.939
1 150 14.003
1 150 14.056
1 150 14.099
1 150 14.147
1 150 14.163
1 150 14.183
1 150 14.213
1 150 14.232
1 150 14.269
1 150 14.351
1 150 14.438
1 150 14.537
1 150 14.605
1 150 14.704
1 150 14.844
1 150 14.95
1 150 14.974
1 150 15.052
1 150 15.129
1 150 15.179
1 150 15.223
1 150 15.265
1 150 15.353
1 150 15.48
1 150 15.595
1 150 15.696
1 150 15.822
1 150 15.909
1 150 16.047
1 150 16.16
1 150 16.279
1 150 16.349
1 150 16.37
1 150 16.399
1 150 16.428
1 150 16.463
1 200 0
1 200 0.96041
1 200 1.6396
1 200 2.1739
1 200 2.5866
1 200 2.9678
1 200 3.2686
1 200 3.5072
1 200 3.7398
1 200 3.9839
1 200 4.2035
1 200 4.4091
1 200 4.552
1 200 4.734
1 200 4.9461
1 200 5.1602
1 200 5.3979
1 200 5.5795
1 200 5.6679
1 200 5.8332
1 200 5.9477
1 200 6.0814
1 200 6.1862
1 200 6.2803
1 200 6.4023
1 200 6.4716
1 200 6.5428
1 200 6.6724
1 200 6.8184
1 200 6.9933
1 200 7.1078
1 200 7.205
1 200 7.3038
1 200 7.4276
1 200 7.5265
1 200 7.6853
1 200 7.777
1 200 7.8997
1 200 7.9935
1 200 8.0262
1 200 8.1028
1 200 8.2693
1 200 8.4006
1 200 8.5248
1 200 8.6242
1 200 8.7346
1 200 8.8393
1 200 8.9485
1 200 9.0558
1 200 9.128
1 200 9.1997
1 200 9.2836
1 200 9.3698
1 200 9.4434
1 200 9.5754
1 200 9.6738
1 200 9.8097
1 200 9.974
1 200 10.077
1 200 10.145
1 200 10.29
1 200 10.448
1 200 10.598
1 200 10.656
1 200 10.766
1 200 10.864
1 200 10.977
1 200 11.033
1 200 11.081
1 200 11.154
1 200 11.21
1 200 11.362
1 200 11.449
1 200 11.543
1 200 11.619
1 200 11.716
1 200 11.81
1 200 11.896
1 200 11.985
1 200 12.027
1 200 12.082
1 200 12.172
1 200 12.209
1 200 12.266
1 200 12.364
1 200 12.388
1 200 12.441
1 200 12.529
1 200 12.578
1 200 12.611
1 200 12.615
1 200 12.671
1 200 12.748
1 200 12.8
1 200 12.903
1 200 12.961
1 200 13.03
1 200 13.118
1 200 13.165
1 200 13.243
1 200 13.326
1 200 13.395
1 200 13.487
1 200 13.569
1 200 13.628
1 200 13.702
1 200 13.809
1 200 13.882
1 200 13.933
1 200 13.973
1 200 14.011
1 200 14.01
1 200 14.029
1 200 14.039
1 200 14.104
1 200 14.183
1 200 14.25
1 200 14.316
1 200 14.356
1 200 14.421
1 200 14.489
1 200 14.609
1 200 14.685
1 200 14.814
1 200 14.899
1 200 14.932
1 200 14.97
1 200 14.967
1 200 14.944
1 200 14.944
1 200 14.995
1 200 15.017
1 200 15.072
1 200 15.082
1 200 15.099
1 200 15.165
1 200 15.171
1 200 15.202
1 200 15.292
1 200 15.359
1 200 15.448
1 200 15.496
1 200 15.531
1 200 15.579
1 200 15.626
1 200 15.655
1 200 15.671
1 200 15.73
1 200 15.788
1 200 15.804
1 200 15.83
1 200 15.849
1 200 15.884
1 200 15.96
1 200 16.022
1 200 16.096
1 200 16.124
1 200 16.186
1 200 16.235
1 200 16.31
1 200 16.366
1 200 16.423
1 200 16.469
1 200 16.499
1 200 16.523
1 200 16.537
1 200 16.545
1 200 16.587
1 200 16.661
1 200 16.74
1 200 16.791
1 200 16.803
1 200 16.793
1 200 16.798
1 200 16.829
1 200 16.854
1 200 16.932
1 200 16.983
1 200 17.038
1 200 17.077
1 200 17.115
1 200 17.19
1 200 17.25
1 200 17.29
1 200 17.336
1 200 17.392
1 200 17.402
1 200 17.399
1 200 17.402
1 200 17.429
1 200 17.534
1 200 17.623
1 200 17.764
1 200 17.862
1 200 17.951
1 200 18.01
1 200 18.08
1 200 18.099
1 200 18.08
1 200 18.084
2 20 0
2 20 0.95984
2 20 1.6333
2 20 2.1823
2 20 2.6471
2 20 3.0309
2 20 3.3683
2 20 3.6761
2 20 3.9556
2 20 4.1826
2 20 4.4052
2 20 4.6229
2 20 4.8491
2 20 5.0695
2 20 5.278
2 20 5.5024
2 20 5.7221
2 20 5.9173
2 20 6.0889
2 20 6.2759
2 50 0
2 50 0.96068
2 50 1.633
2 50 2.1771
2 50 2.6249
2 50 3.0421
2 50 3.3915
2 50 3.6708
2 50 3.9522
2 50 4.234
2 50 4.4922
2 50 4.7161
2 50 4.9247
2 50 5.1269
2 50 5.3259
2 50 5.5125
2 50 5.6852
2 50 5.8604
2 50 6.052
2 50 6.2164
2 50 6.3908
2 50 6.5503
2 50 6.717
2 50 6.8892
2 50 7.0625
2 50 7.196
2 50 7.3373
2 50 7.4499
2 50 7.565
2 50 7.7222
2 50 7.8736
2 50 7.999
2 50 8.1141
2 50 8.2292
2 50 8.3374
2 50 8.4638
2 50 8.6386
2 50 8.7662
2 50 8.9013
2 50 9.021
2 50 9.157
2 50 9.2803
2 50 9.3748
2 50 9.4835
2 50 9.578
2 50 9.6686
2 50 9.7806
2 50 9.8783
2 50 9.9688
2 50 10.051
2 100 0
2 100 0.95971
2 100 1.6398
2 100 2.1741
2 100 2.6585
2 100 3.0418
2 100 3.3611
2 100 3.6536
2 100 3.8952
2 100 4.1348
2 100 4.3865
2 100 4.6095
2 100 4.8244
2 100 5.0494
2 100 5.2551
2 100 5.4258
2 100 5.5766
2 100 5.7704
2 100 5.9337
2 100 6.09
2 100 6.2683
2 100 6.4454
2 100 6.6118
2 100 6.8016
2 100 6.9535
2 100 7.0653
2 100 7.2065
2 100 7.3559
2 100 7.4747
2 100 7.5866
2 100 7.6864
2 100 7.7871
2 100 7.9202
2 100 8.0716
2 100 8.1916
2 100 8.3221
2 100 8.453
2 100 8.5744
2 100 8.6993
2 100 8.8078
2 100 8.9534
2 100 9.0824
2 100 9.1913
2 100 9.3144
2 100 9.4274
2 100 9.5137
2 100 9.618
2 100 9.7343
2 100 9.8462
2 100 9.9486
2 100 10.065
2 100 10.159
2 100 10.238
2 100 10.341
2 100 10.447
2 100 10.532
2 100 10.593
2 100 10.686
2 100 10.79
2 100 10.907
2 100 11.014
2 100 11.106
2 100 11.233
2 100 11.338
2 100 11.441
2 100 11.532
2 100 11.594
2 100 11.662
2 100 11.725
2 100 11.785
2 100 11.839
2 100 11.917
2 100 12.005
2 100 12.123
2 100 12.191
2 100 12.271
2 100 12.354
2 100 12.462
2 100 12.547
2 100 12.622
2 100 12.699
2 100 12.757
2 100 12.817
2 100 12.847
2 100 12.887
2 100 12.919
2 100 13
2 100 13.07
2 100 13.129
2 100 13.228
2 100 13.291
2 100 13.373
2 100 13.478
2 100 13.565
2 100 13.651
2 100 13.725
2 100 13.78
2 100 13.843
2 100 13.928
2 100 14.029
2 150 0
2 150 0.96004
2 150 1.6411
2 150 2.2009
2 150 2.6717
2 150 3.0393
2 150 3.3764
2 150 3.6883
2 150 3.9725
2 150 4.2406
2 150 4.5189
2 150 4.7635
2 150 4.9625
2 150 5.1492
2 150 5.3696
2 150 5.587
2 150 5.7926
2 150 5.9588
2 150 6.1161
2 150 6.2643
2 150 6.4152
2 150 6.5884
2 150 6.7338
2 150 6.8679
2 150 7.01
2 150 7.1774
2 150 7.3448
2 150 7.492
2 150 7.639
2 150 7.7443
2 150 7.878
2 150 8.0008
2 150 8.1218
2 150 8.2427
2 150 8.3726
2 150 8.4843
2 150 8.5911
2 150 8.6912
2 150 8.8163
2 150 8.9331
2 150 9.0436
2 150 9.1472
2 150 9.2564
2 150 9.3496
2 150 9.4308
2 150 9.5015
2 150 9.6017
2 150 9.7273
2 150 9.8194
2 150 9.9251
2 150 10.033
2 150 10.128
2 150 10.222
2 150 10.298
2 150 10.394
2 150 10.472
2 150 10.563
2 150 10.669
2 150 10.781
2 150 10.901
2 150 11.011
2 150 11.104
2 150 11.184
2 150 11.247
2 150 11.302
2 150 11.343
2 150 11.377
2 150 11.454
2 150 11.572
2 150 11.694
2 150 11.772
2 150 11.852
2 150 11.934
2 150 12.013
2 150 12.092
2 150 12.168
2 150 12.229
2 150 12.31
2 150 12.381
2 150 12.435
2 150 12.521
2 150 12.6
2 150 12.665
2 150 12.729
2 150 12.785
2 150 12.859
2 150 12.949
2 150 13.022
2 150 13.119
2 150 13.209
2 150 13.286
2 150 13.366
2 150 13.416
2 150 13.434
2 150 13.473
2 150 13.507
2 150 13.546
2 150 13.589
2 150 13.651
2 150 13.702
2 150 13.753
2 150 13.776
2 150 13.855
2 150 13.945
2 150 14.001
2 150 14.066
2 150 14.106
2 150 14.168
2 150 14.25
2 150 14.342
2 150 14.416
2 150 14.461
2 150 14.504
2 150 14.567
2 150 14.661
2 150 14.72
2 150 14.761
2 150 14.813
2 150 14.887
2 150 14.951
2 150 15.02
2 150 15.051
2 150 15.105
2 150 15.151
2 150 15.211
2 150 15.318
2 150 15.409
2 150 15.494
2 150 15.573
2 150 15.643
2 150 15.705
2 150 15.741
2 150 15.782
2 150 15.836
2 150 15.912
2 150 15.981
2 150 16.06
2 150 16.14
2 150 16.219
2 150 16.284
2 150 16.33
2 150 16.392
2 150 16.458
2 150 16.543
2 150 16.637
2 150 16.702
2 150 16.797
2 150 16.904
2 150 17.003
2 150 17.049
2 200 0
2 200 0.96067
2 200 1.6362
2 200 2.1815
2 200 2.6412
2 200 3.0431
2 200 3.369
2 200 3.6538
2 200 3.9168
2 200 4.1567
2 200 4.4202
2 200 4.6384
2 200 4.8532
2 200 5.0564
2 200 5.2735
2 200 5.4657
2 200 5.6123
2 200 5.7761
2 200 5.9368
2 200 6.1039
2 200 6.2858
2 200 6.4744
2 200 6.6402
2 200 6.794
2 200 6.9499
2 200 7.0691
2 200 7.2329
2 200 7.3728
2 200 7.5108
2 200 7.6453
2 200 7.7503
2 200 7.8498
2 200 7.9517
2 200 8.0557
2 200 8.1522
2 200 8.2724
2 200 8.3949
2 200 8.4869
2 200 8.5923
2 200 8.6682
2 200 8.7495
2 200 8.835
2 200 8.9181
2 200 9.0148
2 200 9.116
2 200 9.2267
2 200 9.3328
2 200 9.4477
2 200 9.5354
2 200 9.6285
2 200 9.7464
2 200 9.866
2 200 9.973
2 200 10.062
2 200 10.149
2 200 10.233
2 200 10.336
2 200 10.465
2 200 10.563
2 200 10.637
2 200 10.723
2 200 10.813
2 200 10.874
2 200 10.948
2 200 11.032
2 200 11.119
2 200 11.203
2 200 11.278
2 200 11.378
2 200 11.482
2 200 11.575
2 200 11.664
2 200 11.749
2 200 11.788
2 200 11.842
2 200 11.904
2 200 11.973
2 200 12.073
2 200 12.13
2 200 12.205
2 200 12.277
2 200 12.367
2 200 12.458
2 200 12.526
2 200 12.574
2 200 12.662
2 200 12.723
2 200 12.775
2 200 12.841
2 200 12.915
2 200 12.997
2 200 13.075
2 200 13.143
2 200 13.201
2 200 13.264
2 200 13.333
2 200 13.37
2 200 13.427
2 200 13.463
2 200 13.515
2 200 13.585
2 200 13.643
2 200 13.74
2 200 13.803
2 200 13.899
2 200 13.999
2 200 14.074
2 200 14.158
2 200 14.222
2 200 14.301
2 200 14.382
2 200 14.446
2 200 14.499
2 200 14.548
2 200 14.614
2 200 14.709
2 200 14.804
2 200 14.889
2 200 14.961
2 200 15.011
2 200 15.033
2 200 15.084
2 200 15.121
2 200 15.187
2 200 15.215
2 200 15.272
2 200 15.309
2 200 15.393
2 200 15.465
2 200 15.539
2 200 15.611
2 200 15.658
2 200 15.709
2 200 15.762
2 200 15.796
2 200 15.799
2 200 15.837
2 200 15.879
2 200 15.931
2 200 15.978
2 200 16.035
2 200 16.102
2 200 16.171
2 200 16.242
2 200 16.338
2 200 16.399
2 200 16.488
2 200 16.562
2 200 16.593
2 200 16.617
2 200 16.68
2 200 16.77
2 200 16.835
2 200 16.871
2 200 16.952
2 200 16.987
2 200 17.043
2 200 17.112
2 200 17.189
2 200 17.245
2 200 17.289
2 200 17.346
2 200 17.413
2 200 17.482
2 200 17.564
2 200 17.635
2 200 17.676
2 200 17.729
2 200 17.814
2 200 17.856
2 200 17.917
2 200 17.963
2 200 18.018
2 200 18.061
2 200 18.135
2 200 18.213
2 200 18.277
2 200 18.34
2 200 18.395
2 200 18.435
2 200 18.496
2 200 18.586
2 200 18.649
2 200 18.701
2 200 18.75
2 200 18.825
2 200 18.853
2 200 18.884
2 200 18.956
2 200 19.004
2 200 19.052
2 200 19.107
2 200 19.138
2 200 19.188
2 200 19.25
2 200 19.293
2 200 19.315
2 200 19.368
2 200 19.436
2 200 19.476
3 20 0
3 20 0.96095
3 20 1.6411
3 20 2.1954
3 20 2.6737
3 20 3.0773
3 20 3.4195
3 20 3.7287
3 20 4.012
3 20 4.2736
3 20 4.5221
3 20 4.7558
3 20 4.9735
3 20 5.182
3 20 5.3715
3 20 5.5472
3 20 5.7048
3 20 5.8738
3 20 6.0294
3 20 6.1975
3 50 0
3 50 0.96077
3 50 1.6368
3 50 2.202
3 50 2.6764
3 50 3.0908
3 50 3.4486
3 50 3.7761
3 50 4.0823
3 50 4.372
3 50 4.639
3 50 4.9054
3 50 5.1492
3 50 5.4043
3 50 5.6273
3 50 5.8417
3 50 6.0424
3 50 6.2222
3 50 6.4037
3 50 6.5903
3 50 6.7607
3 50 6.9223
3 50 7.0812
3 50 7.244
3 50 7.3834
3 50 7.5135
3 50 7.6454
3 50 7.7722
3 50 7.8926
3 50 8.025
3 50 8.1402
3 50 8.2855
3 50 8.3966
3 50 8.5244
3 50 8.6463
3 50 8.7702
3 50 8.8741
3 50 8.9619
3 50 9.0554
3 50 9.1601
3 50 9.2815
3 50 9.3896
3 50 9.4778
3 50 9.5619
3 50 9.6534
3 50 9.7551
3 50 9.842
3 50 9.9225
3 50 10.024
3 50 10.118
3 100 0
3 100 0.96048
3 100 1.6366
3 100 2.1988
3 100 2.6855
3 100 3.0996
3 100 3.4642
3 100 3.7983
3 100 4.0889
3 100 4.3576
3 100 4.622
3 100 4.8678
3 100 5.0944
3 100 5.3333
3 100 5.5594
3 100 5.766
3 100 5.9868
3 100 6.2026
3 100 6.3998
3 100 6.5724
3 100 6.7496
3 100 6.9215
3 100 7.0731
3 100 7.2464
3 100 7.4136
3 100 7.5721
3 100 7.7123
3 100 7.8606
3 100 7.988
3 100 8.1284
3 100 8.2561
3 100 8.3568
3 100 8.4485
3 100 8.5499
3 100 8.665
3 100 8.7929
3 100 8.9101
3 100 9.0267
3 100 9.1343
3 100 9.222
3 100 9.3235
3 100 9.4498
3 100 9.5393
3 100 9.6489
3 100 9.7486
3 100 9.8414
3 100 9.9306
3 100 10.002
3 100 10.097
3 100 10.176
3 100 10.253
3 100 10.326
3 100 10.415
3 100 10.513
3 100 10.594
3 100 10.675
3 100 10.742
3 100 10.824
3 100 10.907
3 100 11.009
3 100 11.107
3 100 11.189
3 100 11.277
3 100 11.356
3 100 11.432
3 100 11.495
3 100 11.58
3 100 11.646
3 100 11.701
3 100 11.771
3 100 11.846
3 100 11.945
3 100 12.026
3 100 12.123
3 100 12.221
3 100 12.323
3 100 12.429
3 100 12.53
3 100 12.627
3 100 12.702
3 100 12.782
3 100 12.851
3 100 12.92
3 100 12.995
3 100 13.07
3 100 13.137
3 100 13.193
3 100 13.246
3 100 13.308
3 100 13.366
3 100 13.431
3 100 13.507
3 100 13.588
3 100 13.642
3 100 13.702
3 100 13.765
3 100 13.828
3 100 13.889
3 100 13.961
3 100 14.034
3 150 0
3 150 0.96072
3 150 1.6417
3 150 2.2005
3 150 2.6779
3 150 3.0918
3 150 3.4513
3 150 3.7769
3 150 4.0631
3 150 4.3247
3 150 4.5771
3 150 4.7948
3 150 5.0189
3 150 5.2447
3 150 5.4439
3 150 5.6244
3 150 5.7802
3 150 5.9365
3 150 6.0926
3 150 6.2454
3 150 6.3954
3 150 6.551
3 150 6.6951
3 150 6.8214
3 150 6.9514
3 150 7.0616
3 150 7.1912
3 150 7.3296
3 150 7.4529
3 150 7.5974
3 150 7.7133
3 150 7.8102
3 150 7.9052
3 150 8.0004
3 150 8.1011
3 150 8.2219
3 150 8.3457
3 150 8.4575
3 150 8.5672
3 150 8.6811
3 150 8.7921
3 150 8.8934
3 150 8.9875
3 150 9.0778
3 150 9.1812
3 150 9.2816
3 150 9.3784
3 150 9.4619
3 150 9.5435
3 150 9.6374
3 150 9.7426
3 150 9.8423
3 150 9.9425
3 150 10.028
3 150 10.121
3 150 10.2
3 150 10.264
3 150 10.371
3 150 10.468
3 150 10.573
3 150 10.675
3 150 10.784
3 150 10.878
3 150 10.961
3 150 11.036
3 150 11.122
3 150 11.196
3 150 11.29
3 150 11.372
3 150 11.433
3 150 11.501
3 150 11.584
3 150 11.656
3 150 11.753
3 150 11.819
3 150 11.894
3 150 11.966
3 150 12.042
3 150 12.112
3 150 12.188
3 150 12.252
3 150 12.321
3 150 12.379
3 150 12.443
3 150 12.504
3 150 12.574
3 150 12.64
3 150 12.703
3 150 12.765
3 150 12.836
3 150 12.908
3 150 12.964
3 150 13.038
3 150 13.102
3 150 13.15
3 150 13.174
3 150 13.22
3 150 13.248
3 150 13.285
3 150 13.34
3 150 13.395
3 150 13.453
3 150 13.506
3 150 13.564
3 150 13.626
3 150 13.696
3 150 13.783
3 150 13.876
3 150 13.953
3 150 14.017
3 150 14.089
3 150 14.152
3 150 14.222
3 150 14.301
3 150 14.366
3 150 14.43
3 150 14.495
3 150 14.54
3 150 14.603
3 150 14.676
3 150 14.727
3 150 14.777
3 150 14.841
3 150 14.901
3 150 14.958
3 150 15.014
3 150 15.055
3 150 15.103
3 150 15.161
3 150 15.222
3 150 15.278
3 150 15.338
3 150 15.397
3 150 15.451
3 150 15.516
3 150 15.576
3 150 15.629
3 150 15.68
3 150 15.735
3 150 15.792
3 150 15.864
3 150 15.927
3 150 15.983
3 150 16.048
3 150 16.11
3 150 16.156
3 150 16.213
3 150 16.281
3 150 16.359
3 150 16.431
3 200 0
3 200 0.96036
3 200 1.6377
3 200 2.207
3 200 2.6718
3 200 3.0556
3 200 3.3926
3 200 3.7132
3 200 3.9978
3 200 4.2749
3 200 4.5269
3 200 4.7642
3 200 4.9691
3 200 5.1634
3 200 5.3476
3 200 5.538
3 200 5.7182
3 200 5.9093
3 200 6.0752
3 200 6.2091
3 200 6.3378
3 200 6.4815
3 200 6.6166
3 200 6.7829
3 200 6.9203
3 200 7.0524
3 200 7.1695
3 200 7.2939
3 200 7.4236
3 200 7.539
3 200 7.6339
3 200 7.7364
3 200 7.8292
3 200 7.9292
3 200 8.0206
3 200 8.124
3 200 8.2305
3 200 8.3276
3 200 8.4172
3 200 8.5084
3 200 8.6009
3 200 8.689
3 200 8.7785
3 200 8.8612
3 200 8.9505
3 200 9.0384
3 200 9.1523
3 200 9.247
3 200 9.3426
3 200 9.4257
3 200 9.494
3 200 9.5783
3 200 9.6654
3 200 9.7519
3 200 9.8249
3 200 9.8756
3 200 9.9531
3 200 10.015
3 200 10.098
3 200 10.176
3 200 10.231
3 200 10.304
3 200 10.39
3 200 10.462
3 200 10.533
3 200 10.598
3 200 10.662
3 200 10.723
3 200 10.814
3 200 10.893
3 200 10.945
3 200 11.001
3 200 11.068
3 200 11.142
3 200 11.213
3 200 11.279
3 200 11.37
3 200 11.438
3 200 11.501
3 200 11.562
3 200 11.634
3 200 11.708
3 200 11.773
3 200 11.848
3 200 11.904
3 200 11.938
3 200 11.96
3 200 12.005
3 200 12.072
3 200 12.119
3 200 12.167
3 200 12.214
3 200 12.274
3 200 12.343
3 200 12.397
3 200 12.44
3 200 12.478
3 200 12.523
3 200 12.577
3 200 12.651
3 200 12.748
3 200 12.836
3 200 12.915
3 200 12.969
3 200 13.023
3 200 13.084
3 200 13.139
3 200 13.214
3 200 13.274
3 200 13.332
3 200 13.396
3 200 13.451
3 200 13.53
3 200 13.602
3 200 13.675
3 200 13.733
3 200 13.784
3 200 13.832
3 200 13.876
3 200 13.935
3 200 13.992
3 200 14.053
3 200 14.111
3 200 14.148
3 200 14.214
3 200 14.286
3 200 14.369
3 200 14.452
3 200 14.526
3 200 14.585
3 200 14.648
3 200 14.696
3 200 14.757
3 200 14.803
3 200 14.852
3 200 14.904
3 200 14.987
3 200 15.061
3 200 15.123
3 200 15.192
3 200 15.235
3 200 15.273
3 200 15.309
3 200 15.352
3 200 15.378
3 200 15.417
3 200 15.451
3 200 15.494
3 200 15.555
3 200 15.617
3 200 15.677
3 200 15.722
3 200 15.782
3 200 15.815
3 200 15.838
3 200 15.888
3 200 15.962
3 200 16.011
3 200 16.063
3 200 16.107
3 200 16.147
3 200 16.216
3 200 16.259
3 200 16.291
3 200 16.341
3 200 16.395
3 200 16.451
3 200 16.533
3 200 16.614
3 200 16.685
3 200 16.74
3 200 16.792
3 200 16.86
3 200 16.916
3 200 16.971
3 200 17.034
3 200 17.072
3 200 17.113
3 200 17.153
3 200 17.186
3 200 17.219
3 200 17.286
3 200 17.354
3 200 17.407
3 200 17.46
3 200 17.496
3 200 17.535
3 200 17.555
3 200 17.571
3 200 17.622
3 200 17.674
3 200 17.731
3 200 17.781
3 200 17.831
3 200 17.896
3 200 17.959
3 200 18.013
3 200 18.058
3 200 18.138
3 200 18.215
5 20 0
5 20 0.95988
5 20 1.6393
5 20 2.2151
5 20 2.706
5 20 3.1452
5 20 3.5285
5 20 3.8737
5 20 4.1862
5 20 4.4794
5 20 4.7457
5 20 4.9914
5 20 5.2179
5 20 5.4355
5 20 5.6354
5 20 5.8266
5 20 5.9973
5 20 6.1637
5 20 6.3229
5 20 6.4792
5 50 0
5 50 0.96033
5 50 1.6404
5 50 2.2157
5 50 2.7171
5 50 3.1505
5 50 3.5491
5 50 3.9058
5 50 4.2417
5 50 4.5401
5 50 4.8229
5 50 5.0917
5 50 5.3588
5 50 5.6106
5 50 5.8478
5 50 6.0743
5 50 6.2994
5 50 6.514
5 50 6.7191
5 50 6.9201
5 50 7.1002
5 50 7.2784
5 50 7.4463
5 50 7.6179
5 50 7.7888
5 50 7.9509
5 50 8.1075
5 50 8.2612
5 50 8.4058
5 50 8.5327
5 50 8.6539
5 50 8.7731
5 50 8.8971
5 50 9.0079
5 50 9.1195
5 50 9.22
5 50 9.3294
5 50 9.436
5 50 9.5403
5 50 9.6364
5 50 9.7301
5 50 9.8408
5 50 9.9338
5 50 10.028
5 50 10.124
5 50 10.208
5 50 10.299
5 50 10.396
5 50 10.492
5 50 10.585
5 100 0
5 100 0.96044
5 100 1.6399
5 100 2.2147
5 100 2.7178
5 100 3.157
5 100 3.5427
5 100 3.8947
5 100 4.2191
5 100 4.519
5 100 4.8102
5 100 5.0972
5 100 5.366
5 100 5.6271
5 100 5.8793
5 100 6.1156
5 100 6.3495
5 100 6.5699
5 100 6.7799
5 100 6.9752
5 100 7.1812
5 100 7.3735
5 100 7.5579
5 100 7.7288
5 100 7.8931
5 100 8.0496
5 100 8.2129
5 100 8.3695
5 100 8.5397
5 100 8.6966
5 100 8.8424
5 100 8.9882
5 100 9.1272
5 100 9.2667
5 100 9.4145
5 100 9.5617
5 100 9.7142
5 100 9.8598
5 100 9.9971
5 100 10.124
5 100 10.248
5 100 10.358
5 100 10.475
5 100 10.581
5 100 10.687
5 100 10.799
5 100 10.906
5 100 11.014
5 100 11.109
5 100 11.2
5 100 11.297
5 100 11.395
5 100 11.495
5 100 11.6
5 100 11.703
5 100 11.801
5 100 11.899
5 100 12.004
5 100 12.105
5 100 12.206
5 100 12.301
5 100 12.38
5 100 12.472
5 100 12.563
5 100 12.657
5 100 12.73
5 100 12.821
5 100 12.91
5 100 12.995
5 100 13.078
5 100 13.16
5 100 13.247
5 100 13.33
5 100 13.403
5 100 13.469
5 100 13.541
5 100 13.621
5 100 13.702
5 100 13.77
5 100 13.848
5 100 13.922
5 100 13.991
5 100 14.059
5 100 14.12
5 100 14.188
5 100 14.263
5 100 14.334
5 100 14.409
5 100 14.477
5 100 14.553
5 100 14.62
5 100 14.688
5 100 14.751
5 100 14.822
5 100 14.892
5 100 14.965
5 100 15.03
5 100 15.088
5 100 15.143
5 100 15.208
5 150 0
5 150 0.96058
5 150 1.6356
5 150 2.2137
5 150 2.7125
5 150 3.145
5 150 3.5378
5 150 3.8979
5 150 4.2243
5 150 4.5257
5 150 4.8008
5 150 5.0658
5 150 5.324
5 150 5.5671
5 150 5.7909
5 150 6.0095
5 150 6.2115
5 150 6.3997
5 150 6.5826
5 150 6.7649
5 150 6.9427
5 150 7.1299
5 150 7.305
5 150 7.4721
5 150 7.6415
5 150 7.8181
5 150 7.983
5 150 8.1441
5 150 8.2974
5 150 8.4508
5 150 8.5953
5 150 8.7344
5 150 8.8712
5 150 9.0007
5 150 9.1242
5 150 9.2454
5 150 9.366
5 150 9.4915
5 150 9.6201
5 150 9.7474
5 150 9.8771
5 150 10.004
5 150 10.122
5 150 10.233
5 150 10.357
5 150 10.473
5 150 10.581
5 150 10.698
5 150 10.819
5 150 10.945
5 150 11.064
5 150 11.176
5 150 11.284
5 150 11.39
5 150 11.498
5 150 11.598
5 150 11.701
5 150 11.796
5 150 11.891
5 150 11.981
5 150 12.064
5 150 12.161
5 150 12.264
5 150 12.356
5 150 12.445
5 150 12.551
5 150 12.651
5 150 12.746
5 150 12.836
5 150 12.909
5 150 12.989
5 150 13.084
5 150 13.186
5 150 13.278
5 150 13.378
5 150 13.466
5 150 13.543
5 150 13.615
5 150 13.685
5 150 13.764
5 150 13.843
5 150 13.928
5 150 14.012
5 150 14.1
5 150 14.2
5 150 14.291
5 150 14.379
5 150 14.449
5 150 14.537
5 150 14.626
5 150 14.714
5 150 14.789
5 150 14.866
5 150 14.956
5 150 15.035
5 150 15.111
5 150 15.176
5 150 15.252
5 150 15.316
5 150 15.379
5 150 15.427
5 150 15.479
5 150 15.53
5 150 15.586
5 150 15.653
5 150 15.716
5 150 15.79
5 150 15.866
5 150 15.937
5 150 15.994
5 150 16.046
5 150 16.097
5 150 16.142
5 150 16.192
5 150 16.235
5 150 16.29
5 150 16.342
5 150 16.393
5 150 16.448
5 150 16.511
5 150 16.57
5 150 16.626
5 150 16.685
5 150 16.744
5 150 16.795
5 150 16.838
5 150 16.888
5 150 16.937
5 150 16.996
5 150 17.041
5 150 17.092
5 150 17.142
5 150 17.198
5 150 17.259
5 150 17.32
5 150 17.371
5 150 17.424
5 150 17.465
5 150 17.516
5 150 17.571
5 150 17.629
5 150 17.677
5 150 17.731
5 150 17.774
5 150 17.824
5 150 17.864
5 150 17.91
5 150 17.95
5 150 17.996
5 150 18.045
5 200 0
5 200 0.96008
5 200 1.6372
5 200 2.2062
5 200 2.6935
5 200 3.1189
5 200 3.4881
5 200 3.8417
5 200 4.1694
5 200 4.4785
5 200 4.7653
5 200 5.0396
5 200 5.2913
5 200 5.54
5 200 5.7829
5 200 6.0061
5 200 6.2205
5 200 6.4325
5 200 6.6515
5 200 6.8467
5 200 7.0322
5 200 7.207
5 200 7.3786
5 200 7.5507
5 200 7.7257
5 200 7.8902
5 200 8.0454
5 200 8.2004
5 200 8.3478
5 200 8.4886
5 200 8.6204
5 200 8.761
5 200 8.8995
5 200 9.0283
5 200 9.164
5 200 9.2954
5 200 9.411
5 200 9.5245
5 200 9.6529
5 200 9.7689
5 200 9.882
5 200 10.005
5 200 10.118
5 200 10.227
5 200 10.334
5 200 10.445
5 200 10.552
5 200 10.674
5 200 10.781
5 200 10.896
5 200 10.995
5 200 11.094
5 200 11.196
5 200 11.31
5 200 11.425
5 200 11.53
5 200 11.63
5 200 11.727
5 200 11.821
5 200 11.901
5 200 11.995
5 200 12.099
5 200 12.187
5 200 12.279
5 200 12.374
5 200 12.473
5 200 12.551
5 200 12.636
5 200 12.726
5 200 12.825
5 200 12.917
5 200 13.002
5 200 13.091
5 200 13.178
5 200 13.263
5 200 13.353
5 200 13.451
5 200 13.533
5 200 13.624
5 200 13.708
5 200 13.796
5 200 13.895
5 200 13.979
5 200 14.069
5 200 14.152
5 200 14.238
5 200 14.321
5 200 14.403
5 200 14.472
5 200 14.55
5 200 14.634
5 200 14.718
5 200 14.793
5 200 14.88
5 200 14.956
5 200 15.04
5 200 15.113
5 200 15.175
5 200 15.258
5 200 15.334
5 200 15.398
5 200 15.459
5 200 15.527
5 200 15.597
5 200 15.672
5 200 15.752
5 200 15.819
5 200 15.895
5 200 15.974
5 200 16.043
5 200 16.104
5 200 16.163
5 200 16.224
5 200 16.285
5 200 16.361
5 200 16.439
5 200 16.51
5 200 16.577
5 200 16.635
5 200 16.693
5 200 16.744
5 200 16.809
5 200 16.884
5 200 16.951
5 200 17.01
5 200 17.076
5 200 17.136
5 200 17.203
5 200 17.263
5 200 17.313
5 200 17.358
5 200 17.431
5 200 17.51
5 200 17.582
5 200 17.657
5 200 17.731
5 200 17.801
5 200 17.865
5 200 17.924
5 200 17.981
5 200 18.047
5 200 18.113
5 200 18.169
5 200 18.227
5 200 18.288
5 200 18.345
5 200 18.405
5 200 18.46
5 200 18.504
5 200 18.561
5 200 18.602
5 200 18.648
5 200 18.686
5 200 18.726
5 200 18.773
5 200 18.823
5 200 18.867
5 200 18.911
5 200 18.958
5 200 19.013
5 200 19.063
5 200 19.117
5 200 19.166
5 200 19.22
5 200 19.267
5 200 19.309
5 200 19.347
5 200 19.392
5 200 19.429
5 200 19.486
5 200 19.539
5 200 19.586
5 200 19.63
5 200 19.673
5 200 19.704
5 200 19.75
5 200 19.789
5 200 19.836
5 200 19.887
5 200 19.928
5 200 19.969
5 200 20.004
5 200 20.05
5 200 20.09
5 200 20.135
5 200 20.173
5 200 20.217
5 200 20.267
5 200 20.307
5 200 20.342
5 200 20.377
5 200 20.421
5 200 20.466
5 200 20.516
5 200 20.577
5 200 20.623
5 200 20.679
5 200 20.738
5 200 20.793
5 200 20.849
8 20 0
8 20 0.96016
8 20 1.6436
8 20 2.2309
8 20 2.7445
8 20 3.206
8 20 3.6298
8 20 4.017
8 20 4.3703
8 20 4.6988
8 20 5.012
8 20 5.2993
8 20 5.5619
8 20 5.8021
8 20 6.0191
8 20 6.2189
8 20 6.398
8 20 6.5572
8 20 6.7107
8 20 6.867
8 50 0
8 50 0.96012
8 50 1.6406
8 50 2.22
8 50 2.728
8 50 3.1912
8 50 3.6156
8 50 4.0086
8 50 4.3737
8 50 4.7215
8 50 5.0554
8 50 5.3652
8 50 5.6717
8 50 5.9644
8 50 6.249
8 50 6.5249
8 50 6.7821
8 50 7.0307
8 50 7.2763
8 50 7.5085
8 50 7.7255
8 50 7.9394
8 50 8.1394
8 50 8.3398
8 50 8.5283
8 50 8.7148
8 50 8.8869
8 50 9.0523
8 50 9.2114
8 50 9.3692
8 50 9.5246
8 50 9.6769
8 50 9.8197
8 50 9.9558
8 50 10.085
8 50 10.206
8 50 10.326
8 50 10.445
8 50 10.556
8 50 10.667
8 50 10.768
8 50 10.864
8 50 10.953
8 50 11.045
8 50 11.139
8 50 11.229
8 50 11.322
8 50 11.414
8 50 11.5
8 50 11.585
8 100 0
8 100 0.96063
8 100 1.6411
8 100 2.2202
8 100 2.7301
8 100 3.1824
8 100 3.5894
8 100 3.9723
8 100 4.3377
8 100 4.6859
8 100 5.013
8 100 5.3241
8 100 5.6269
8 100 5.9151
8 100 6.1972
8 100 6.4624
8 100 6.7244
8 100 6.9792
8 100 7.2234
8 100 7.462
8 100 7.7008
8 100 7.9305
8 100 8.1476
8 100 8.3639
8 100 8.5724
8 100 8.7806
8 100 8.9801
8 100 9.1772
8 100 9.3775
8 100 9.5692
8 100 9.7525
8 100 9.9354
8 100 10.108
8 100 10.281
8 100 10.454
8 100 10.624
8 100 10.799
8 100 10.951
8 100 11.106
8 100 11.255
8 100 11.399
8 100 11.539
8 100 11.682
8 100 11.819
8 100 11.955
8 100 12.083
8 100 12.215
8 100 12.344
8 100 12.474
8 100 12.598
8 100 12.719
8 100 12.842
8 100 12.958
8 100 13.068
8 100 13.182
8 100 13.295
8 100 13.411
8 100 13.521
8 100 13.633
8 100 13.74
8 100 13.843
8 100 13.943
8 100 14.05
8 100 14.142
8 100 14.23
8 100 14.314
8 100 14.401
8 100 14.492
8 100 14.578
8 100 14.671
8 100 14.766
8 100 14.856
8 100 14.942
8 100 15.021
8 100 15.093
8 100 15.161
8 100 15.224
8 100 15.286
8 100 15.345
8 100 15.412
8 100 15.485
8 100 15.563
8 100 15.633
8 100 15.701
8 100 15.766
8 100 15.833
8 100 15.897
8 100 15.952
8 100 16.011
8 100 16.077
8 100 16.146
8 100 16.213
8 100 16.281
8 100 16.338
8 100 16.393
8 100 16.441
8 100 16.5
8 100 16.552
8 100 16.607
8 100 16.666
8 150 0
8 150 0.96032
8 150 1.6387
8 150 2.2188
8 150 2.7224
8 150 3.1731
8 150 3.5862
8 150 3.9688
8 150 4.3291
8 150 4.6663
8 150 4.9871
8 150 5.2941
8 150 5.5901
8 150 5.8669
8 150 6.1302
8 150 6.3893
8 150 6.6427
8 150 6.8829
8 150 7.1179
8 150 7.3443
8 150 7.5671
8 150 7.7865
8 150 7.9965
8 150 8.2011
8 150 8.4049
8 150 8.6119
8 150 8.8052
8 150 8.9949
8 150 9.1789
8 150 9.3655
8 150 9.5464
8 150 9.7195
8 150 9.8929
8 150 10.067
8 150 10.231
8 150 10.394
8 150 10.552
8 150 10.703
8 150 10.852
8 150 11.005
8 150 11.156
8 150 11.301
8 150 11.451
8 150 11.588
8 150 11.726
8 150 11.864
8 150 12.008
8 150 12.152
8 150 12.29
8 150 12.422
8 150 12.555
8 150 12.686
8 150 12.812
8 150 12.94
8 150 13.061
8 150 13.176
8 150 13.296
8 150 13.418
8 150 13.537
8 150 13.656
8 150 13.778
8 150 13.899
8 150 14.014
8 150 14.125
8 150 14.237
8 150 14.348
8 150 14.462
8 150 14.583
8 150 14.7
8 150 14.809
8 150 14.917
8 150 15.029
8 150 15.135
8 150 15.238
8 150 15.339
8 150 15.438
8 150 15.536
8 150 15.633
8 150 15.733
8 150 15.829
8 150 15.927
8 150 16.019
8 150 16.116
8 150 16.208
8 150 16.307
8 150 16.396
8 150 16.484
8 150 16.572
8 150 16.659
8 150 16.747
8 150 16.833
8 150 16.921
8 150 17.008
8 150 17.092
8 150 17.177
8 150 17.261
8 150 17.336
8 150 17.41
8 150 17.501
8 150 17.581
8 150 17.66
8 150 17.727
8 150 17.798
8 150 17.876
8 150 17.951
8 150 18.029
8 150 18.1
8 150 18.173
8 150 18.252
8 150 18.326
8 150 18.396
8 150 18.46
8 150 18.521
8 150 18.584
8 150 18.645
8 150 18.711
8 150 18.776
8 150 18.839
8 150 18.904
8 150 18.968
8 150 19.035
8 150 19.099
8 150 19.16
8 150 19.212
8 150 19.264
8 150 19.32
8 150 19.372
8 150 19.422
8 150 19.476
8 150 19.53
8 150 19.59
8 150 19.633
8 150 19.672
8 150 19.721
8 150 19.77
8 150 19.821
8 150 19.872
8 150 19.92
8 150 19.97
8 150 20.02
8 150 20.066
8 150 20.116
8 150 20.158
8 150 20.202
8 150 20.245
8 150 20.293
8 150 20.343
8 150 20.396
8 150 20.443
8 150 20.489
8 200 0
8 200 0.96051
8 200 1.6393
8 200 2.2199
8 200 2.7269
8 200 3.1847
8 200 3.6026
8 200 3.9893
8 200 4.3427
8 200 4.6749
8 200 4.995
8 200 5.3052
8 200 5.6027
8 200 5.8845
8 200 6.1586
8 200 6.4146
8 200 6.6589
8 200 6.8922
8 200 7.1316
8 200 7.3595
8 200 7.5761
8 200 7.783
8 200 7.9921
8 200 8.1935
8 200 8.39
8 200 8.5861
8 200 8.7703
8 200 8.95
8 200 9.1259
8 200 9.2974
8 200 9.4698
8 200 9.6386
8 200 9.8017
8 200 9.9626
8 200 10.122
8 200 10.281
8 200 10.436
8 200 10.59
8 200 10.74
8 200 10.884
8 200 11.027
8 200 11.168
8 200 11.311
8 200 11.45
8 200 11.596
8 200 11.736
8 200 11.863
8 200 11.987
8 200 12.112
8 200 12.243
8 200 12.371
8 200 12.504
8 200 12.63
8 200 12.76
8 200 12.88
8 200 13.001
8 200 13.115
8 200 13.229
8 200 13.338
8 200 13.446
8 200 13.555
8 200 13.662
8 200 13.774
8 200 13.881
8 200 13.993
8 200 14.103
8 200 14.209
8 200 14.32
8 200 14.43
8 200 14.535
8 200 14.637
8 200 14.742
8 200 14.835
8 200 14.937
8 200 15.041
8 200 15.136
8 200 15.237
8 200 15.336
8 200 15.437
8 200 15.534
8 200 15.63
8 200 15.735
8 200 15.838
8 200 15.941
8 200 16.037
8 200 16.13
8 200 16.225
8 200 16.325
8 200 16.426
8 200 16.526
8 200 16.624
8 200 16.722
8 200 16.82
8 200 16.903
8 200 16.989
8 200 17.078
8 200 17.174
8 200 17.269
8 200 17.358
8 200 17.449
8 200 17.545
8 200 17.637
8 200 17.725
8 200 17.808
8 200 17.89
8 200 17.966
8 200 18.047
8 200 18.134
8 200 18.225
8 200 18.314
8 200 18.4
8 200 18.488
8 200 18.568
8 200 18.645
8 200 18.725
8 200 18.815
8 200 18.905
8 200 18.993
8 200 19.08
8 200 19.161
8 200 19.241
8 200 19.318
8 200 19.393
8 200 19.465
8 200 19.532
8 200 19.609
8 200 19.682
8 200 19.758
8 200 19.831
8 200 19.903
8 200 19.972
8 200 20.046
8 200 20.119
8 200 20.188
8 200 20.258
8 200 20.319
8 200 20.389
8 200 20.454
8 200 20.521
8 200 20.589
8 200 20.656
8 200 20.717
8 200 20.783
8 200 20.848
8 200 20.909
8 200 20.969
8 200 21.038
8 200 21.104
8 200 21.166
8 200 21.231
8 200 21.291
8 200 21.35
8 200 21.401
8 200 21.451
8 200 21.511
8 200 21.56
8 200 21.61
8 200 21.664
8 200 21.723
8 200 21.781
8 200 21.832
8 200 21.879
8 200 21.93
8 200 21.981
8 200 22.034
8 200 22.084
8 200 22.134
8 200 22.181
8 200 22.226
8 200 22.267
8 200 22.31
8 200 22.357
8 200 22.404
8 200 22.448
8 200 22.492
8 200 22.536
8 200 22.58
8 200 22.617
8 200 22.661
8 200 22.704
8 200 22.753
8 200 22.789
8 200 22.83
8 200 22.875
8 200 22.921
8 200 22.956
8 200 22.992
8 200 23.034
8 200 23.07
8 200 23.107
8 200 23.146
8 200 23.186
8 200 23.23
8 200 23.274
8 200 23.317
8 200 23.358
8 200 23.404
8 200 23.444
8 200 23.482
8 200 23.518
